27 75 73 65 20 63 6c 69  65 6e 74 27 0d 0a 0d 0a
69 6d 70 6f 72 74 20 7b  20 75 73 65 53 74 61 74
65 20 7d 20 66 72 6f 6d  20 27 72 65 61 63 74 27
0d 0a 69 6d 70 6f 72 74  20 7b 20 41 72 72 6f 77
4c 65 66 74 2c 20 4d 69  63 20 7d 20 66 72 6f 6d
20 27 6c 75 63 69 64 65  2d 72 65 61 63 74 27 0d
0a 69 6d 70 6f 72 74 20  4c 69 6e 6b 20 66 72 6f
6d 20 27 6e 65 78 74 2f  6c 69 6e 6b 27 0d 0a 69
6d 70 6f 72 74 20 7b 20  75 73 65 4d 61 73 63 6f
74 61 73 20 7d 20 66 72  6f 6d 20 27 40 2f 68 6f
6f 6b 73 2f 75 73 65 2d  6d 61 73 63 6f 74 61 73
27 0d 0a 69 6d 70 6f 72  74 20 7b 20 75 73 65 44
75 65 6e 6f 73 20 7d 20  66 72 6f 6d 20 27 40 2f
68 6f 6f 6b 73 2f 75 73  65 2d 64 75 65 6e 6f 73
27 0d 0a 69 6d 70 6f 72  74 20 7b 20 75 73 65 55
73 65 72 4c 69 73 74 20  7d 20 66 72 6f 6d 20 27
40 2f 68 6f 6f 6b 73 2f  75 73 65 2d 75 73 75 61
72 69 6f 73 27 0d 0a 69  6d 70 6f 72 74 20 7b 20
75 73 65 41 75 74 68 20  7d 20 66 72 6f 6d 20 27
40 2f 6c 69 62 2f 61 75  74 68 2d 63 6f 6e 74 65
78 74 27 0d 0a 69 6d 70  6f 72 74 20 7b 20 75 73
65 54 6f 61 73 74 20 7d  20 66 72 6f 6d 20 27 40
2f 68 6f 6f 6b 73 2f 75  73 65 2d 74 6f 61 73 74
27 0d 0a 69 6d 70 6f 72  74 20 7b 20 63 72 65 61
74 65 43 6f 6e 73 75 6c  74 61 2c 20 63 72 65 61
74 65 54 75 72 6e 6f 2c  20 63 68 65 63 6b 54 75
72 6e 6f 44 69 73 70 6f  6e 69 62 69 6c 69 64 61
64 20 7d 20 66 72 6f 6d  20 27 40 2f 6c 69 62 2f
73 65 72 76 69 63 65 73  27 0d 0a 69 6d 70 6f 72
74 20 7b 20 42 75 74 74  6f 6e 20 7d 20 66 72 6f
6d 20 27 40 2f 63 6f 6d  70 6f 6e 65 6e 74 73 2f
75 69 2f 62 75 74 74 6f  6e 27 0d 0a 69 6d 70 6f
72 74 20 7b 20 43 61 72  64 2c 20 43 61 72 64 43
6f 6e 74 65 6e 74 2c 20  43 61 72 64 44 65 73 63
72 69 70 74 69 6f 6e 2c  20 43 61 72 64 48 65 61
64 65 72 2c 20 43 61 72  64 54 69 74 6c 65 20 7d
20 66 72 6f 6d 20 27 40  2f 63 6f 6d 70 6f 6e 65
6e 74 73 2f 75 69 2f 63  61 72 64 27 0d 0a 69 6d
70 6f 72 74 20 7b 20 42  61 64 67 65 20 7d 20 66
72 6f 6d 20 27 40 2f 63  6f 6d 70 6f 6e 65 6e 74
73 2f 75 69 2f 62 61 64  67 65 27 0d 0a 69 6d 70
6f 72 74 20 7b 20 43 6f  6e 73 75 6c 74 61 46 6f
72 6d 56 6f 7a 2c 20 43  6f 6e 73 75 6c 74 61 46
6f 72 6d 56 6f 7a 44 61  74 61 20 7d 20 66 72 6f
6d 20 27 40 2f 63 6f 6d  70 6f 6e 65 6e 74 73 2f
66 6f 72 6d 73 2f 63 6f  6e 73 75 6c 74 61 2d 66
6f 72 6d 2d 76 6f 7a 27  0d 0a 0d 0a 65 78 70 6f
72 74 20 64 65 66 61 75  6c 74 20 66 75 6e 63 74
69 6f 6e 20 43 6f 6e 73  75 6c 74 61 56 6f 7a 50
61 67 65 28 29 20 7b 0d  0a 20 20 63 6f 6e 73 74
20 7b 20 64 61 74 61 3a  20 6d 61 73 63 6f 74 61
73 20 7d 20 3d 20 75 73  65 4d 61 73 63 6f 74 61
73 28 29 0d 0a 20 20 63  6f 6e 73 74 20 7b 20 64
61 74 61 3a 20 64 75 65  6e 6f 73 20 7d 20 3d 20
75 73 65 44 75 65 6e 6f  73 28 29 0d 0a 20 20 63
6f 6e 73 74 20 7b 20 64  61 74 61 3a 20 75 73 75
61 72 69 6f 73 20 7d 20  3d 20 75 73 65 55 73 65
72 4c 69 73 74 28 29 0d  0a 20 20 63 6f 6e 73 74
20 7b 20 75 73 65 72 20  7d 20 3d 20 75 73 65 41
75 74 68 28 29 0d 0a 20  20 63 6f 6e 73 74 20 7b
20 74 6f 61 73 74 20 7d  20 3d 20 75 73 65 54 6f
61 73 74 28 29 0d 0a 20  20 63 6f 6e 73 74 20 5b
73 61 76 69 6e 67 2c 20  73 65 74 53 61 76 69 6e
67 5d 20 3d 20 75 73 65  53 74 61 74 65 28 66 61
6c 73 65 29 0d 0a 0d 0a  20 20 63 6f 6e 73 74 20
68 61 6e 64 6c 65 53 75  62 6d 69 74 20 3d 20 61
73 79 6e 63 20 28 66 6f  72 6d 44 61 74 61 3a 20
43 6f 6e 73 75 6c 74 61  46 6f 72 6d 56 6f 7a 44
61 74 61 29 20 3d 3e 20  7b 0d 0a 20 20 20 20 69
66 20 28 21 75 73 65 72  29 20 72 65 74 75 72 6e
0d 0a 20 20 20 20 73 65  74 53 61 76 69 6e 67 28
74 72 75 65 29 0d 0a 20  20 20 20 74 72 79 20 7b
0d 0a 20 20 20 20 20 20  63 6f 6e 73 74 20 7b 20
66 65 63 68 61 5f 64 61  74 65 2c 20 66 65 63 68
61 5f 74 69 6d 65 2c 20  5f 64 75 65 6e 6f 49 64
2c 20 2e 2e 2e 72 65 73  74 20 7d 20 3d 20 66 6f
72 6d 44 61 74 61 20 61  73 20 61 6e 79 0d 0a 20
20 20 20 20 20 63 6f 6e  73 74 20 66 65 63 68 61
53 74 72 20 3d 20 66 65  63 68 61 5f 64 61 74 65
20 2b 20 28 66 65 63 68  61 5f 74 69 6d 65 20 3f
20 27 54 27 20 2b 20 66  65 63 68 61 5f 74 69 6d
65 20 3a 20 27 27 29 0d  0a 20 20 20 20 20 20 63
6f 6e 73 6f 6c 65 2e 6c  6f 67 28 27 5b 43 6f 6e
73 75 6c 74 61 5d 20 50  61 79 6c 6f 61 64 3a 27
2c 20 7b 20 2e 2e 2e 72  65 73 74 2c 20 66 65 63
68 61 3a 20 66 65 63 68  61 53 74 72 2c 20 69 64
5f 63 6c 69 6e 69 63 61  3a 20 75 73 65 72 2e 69
64 5f 63 6c 69 6e 69 63  61 20 7d 29 0d 0a 20 20
20 20 20 20 63 6f 6e 73  74 20 70 61 79 6c 6f 61
64 20 3d 20 7b 20 2e 2e  2e 72 65 73 74 2c 20 66
65 63 68 61 3a 20 66 65  63 68 61 53 74 72 20 7d
0d 0a 20 20 20 20 20 20  63 6f 6e 73 74 20 72 65
73 20 3d 20 61 77 61 69  74 20 63 72 65 61 74 65
43 6f 6e 73 75 6c 74 61  28 7b 20 2e 2e 2e 70 61
79 6c 6f 61 64 2c 20 69  64 5f 63 6c 69 6e 69 63
61 3a 20 75 73 65 72 2e  69 64 5f 63 6c 69 6e 69
63 61 20 7d 29 0d 0a 20  20 20 20 20 20 69 66 20
28 21 72 65 73 2e 73 75  63 63 65 73 73 29 20 74
68 72 6f 77 20 6e 65 77  20 45 72 72 6f 72 28 72
65 73 2e 65 72 72 6f 72  20 7c 7c 20 27 45 72 72
6f 72 20 61 6c 20 63 72  65 61 72 20 6c 61 20 63
6f 6e 73 75 6c 74 61 27  29 0d 0a 20 20 20 20 20
20 74 6f 61 73 74 28 7b  20 74 69 74 6c 65 3a 20
27 43 6f 6e 73 75 6c 74  61 20 63 72 65 61 64 61
27 2c 20 64 65 73 63 72  69 70 74 69 6f 6e 3a 20
27 4c 61 20 63 6f 6e 73  75 6c 74 61 20 73 65 20
67 75 61 72 64 6f 20 63  6f 72 72 65 63 74 61 6d
65 6e 74 65 20 63 6f 6e  20 61 73 69 73 74 65 6e
74 65 20 64 65 20 76 6f  7a 2e 27 20 7d 29 0d 0a
20 20 20 20 7d 20 63 61  74 63 68 20 28 65 72 72
6f 72 29 20 7b 0d 0a 20  20 20 20 20 20 74 6f 61
73 74 28 7b 20 74 69 74  6c 65 3a 20 27 45 72 72
6f 72 27 2c 20 64 65 73  63 72 69 70 74 69 6f 6e
3a 20 53 74 72 69 6e 67  28 65 72 72 6f 72 29 2c
20 76 61 72 69 61 6e 74  3a 20 27 64 65 73 74 72
75 63 74 69 76 65 27 20  7d 29 0d 0a 20 20 20 20
7d 20 66 69 6e 61 6c 6c  79 20 7b 0d 0a 20 20 20
20 20 20 73 65 74 53 61  76 69 6e 67 28 66 61 6c
73 65 29 0d 0a 20 20 20  20 7d 0d 0a 20 20 7d 0d
0a 0d 0a 20 20 63 6f 6e  73 74 20 68 61 6e 64 6c
65 43 72 65 61 74 65 54  75 72 6e 6f 20 3d 20 61
73 79 6e 63 20 28 66 65  63 68 61 3a 20 73 74 72
69 6e 67 2c 20 68 6f 72  61 3a 20 73 74 72 69 6e
67 29 3a 20 50 72 6f 6d  69 73 65 3c 7b 20 6f 6b
3a 20 62 6f 6f 6c 65 61  6e 3b 20 65 72 72 6f 72
3f 3a 20 73 74 72 69 6e  67 20 7d 3e 20 3d 3e 20
7b 0d 0a 20 20 20 20 69  66 20 28 21 75 73 65 72
29 20 72 65 74 75 72 6e  20 7b 20 6f 6b 3a 20 66
61 6c 73 65 2c 20 65 72  72 6f 72 3a 20 27 55 73
75 61 72 69 6f 20 6e 6f  20 61 75 74 65 6e 74 69
63 61 64 6f 27 20 7d 0d  0a 20 20 20 20 74 72 79
20 7b 0d 0a 20 20 20 20  20 20 63 6f 6e 73 74 20
66 65 63 68 61 5f 68 6f  72 61 20 3d 20 60 24 7b
66 65 63 68 61 7d 54 24  7b 68 6f 72 61 7d 3a 30
30 60 0d 0a 20 20 20 20  20 20 63 6f 6e 73 74 20
7b 20 64 69 73 70 6f 6e  69 62 6c 65 2c 20 63 6f
6e 66 6c 69 63 74 6f 73  20 7d 20 3d 20 61 77 61
69 74 20 63 68 65 63 6b  54 75 72 6e 6f 44 69 73
70 6f 6e 69 62 69 6c 69  64 61 64 28 75 73 65 72
2e 69 64 5f 63 6c 69 6e  69 63 61 2c 20 66 65 63
68 61 5f 68 6f 72 61 29  0d 0a 20 20 20 20 20 20
69 66 20 28 21 64 69 73  70 6f 6e 69 62 6c 65 29
20 7b 0d 0a 20 20 20 20  20 20 20 20 63 6f 6e 73
6f 6c 65 2e 6c 6f 67 28  27 5b 54 75 72 6e 6f 5d
20 53 6c 6f 74 20 6f 63  63 75 70 69 65 64 2c 20
63 6f 6e 66 6c 69 63 74  73 3a 27 2c 20 63 6f 6e
66 6c 69 63 74 6f 73 2e  6c 65 6e 67 74 68 29 0d
0a 20 20 20 20 20 20 20  20 72 65 74 75 72 6e 20
7b 20 6f 6b 3a 20 66 61  6c 73 65 2c 20 65 72 72
6f 72 3a 20 27 45 6c 20  68 6f 72 61 72 69 6f 20
65 73 74 61 20 6f 63 75  70 61 64 6f 27 20 7d 0d
0a 20 20 20 20 20 20 7d  0d 0a 20 20 20 20 20 20
63 6f 6e 73 74 20 72 65  73 20 3d 20 61 77 61 69
74 20 63 72 65 61 74 65  54 75 72 6e 6f 28 7b 0d
0a 20 20 20 20 20 20 20  20 69 64 5f 6d 61 73 63
6f 74 61 3a 20 27 27 2c  0d 0a 20 20 20 20 20 20
20 20 66 65 63 68 61 5f  68 6f 72 61 2c 0d 0a 20
20 20 20 20 20 20 20 6e  6f 74 61 73 3a 20 27 54
75 72 6e 6f 20 64 65 20  63 6f 6e 74 72 6f 6c 20
67 65 6e 65 72 61 64 6f  20 70 6f 72 20 61 73 69
73 74 65 6e 74 65 20 64  65 20 76 6f 7a 27 2c 0d
0a 20 20 20 20 20 20 20  20 69 64 5f 75 73 75 61
72 69 6f 3a 20 75 73 65  72 2e 69 64 2c 0d 0a 20
20 20 20 20 20 20 20 65  73 74 61 64 6f 3a 20 27
73 69 6e 5f 61 74 65 6e  64 65 72 27 2c 0d 0a 20
20 20 20 20 20 20 20 75  62 69 63 61 63 69 6f 6e
3a 20 27 63 6c 69 6e 69  63 61 27 2c 0d 0a 20 20
20 20 20 20 20 20 69 64  5f 63 6c 69 6e 69 63 61
3a 20 75 73 65 72 2e 69  64 5f 63 6c 69 6e 69 63
61 2c 0d 0a 20 20 20 20  20 20 7d 29 0d 0a 20 20
20 20 20 20 69 66 20 28  21 72 65 73 2e 73 75 63
63 65 73 73 29 20 7b 0d  0a 20 20 20 20 20 20 20
20 63 6f 6e 73 6f 6c 65  2e 65 72 72 6f 72 28 27
5b 54 75 72 6e 6f 20 65  72 72 6f 72 5d 27 2c 20
72 65 73 2e 65 72 72 6f  72 29 0d 0a 20 20 20 20
20 20 20 20 72 65 74 75  72 6e 20 7b 20 6f 6b 3a
20 66 61 6c 73 65 2c 20  65 72 72 6f 72 3a 20 72
65 73 2e 65 72 72 6f 72  20 7c 7c 20 27 45 72 72
6f 72 20 61 6c 20 63 72  65 61 72 20 74 75 72 6e
6f 27 20 7d 0d 0a 20 20  20 20 20 20 7d 0d 0a 20
20 20 20 20 20 74 6f 61  73 74 28 7b 20 74 69 74
6c 65 3a 20 27 54 75 72  6e 6f 20 61 67 65 6e 64
61 64 6f 27 2c 20 64 65  73 63 72 69 70 74 69 6f
6e 3a 20 27 53 65 20 61  67 65 6e 64 6f 20 65 6c
20 74 75 72 6e 6f 20 64  65 20 63 6f 6e 74 72 6f
6c 20 61 75 74 6f 6d 61  74 69 63 61 6d 65 6e 74
65 2e 27 20 7d 29 0d 0a  20 20 20 20 20 20 72 65
74 75 72 6e 20 7b 20 6f  6b 3a 20 74 72 75 65 20
7d 0d 0a 20 20 20 20 7d  20 63 61 74 63 68 20 28
65 72 72 29 20 7b 0d 0a  20 20 20 20 20 20 63 6f
6e 73 6f 6c 65 2e 65 72  72 6f 72 28 27 5b 54 75
72 6e 6f 20 65 72 72 6f  72 5d 27 2c 20 65 72 72
29 0d 0a 20 20 20 20 20  20 72 65 74 75 72 6e 20
7b 20 6f 6b 3a 20 66 61  6c 73 65 2c 20 65 72 72
6f 72 3a 20 27 45 72 72  6f 72 20 64 65 20 63 6f
6e 65 78 69 6f 6e 20 61  6c 20 61 67 65 6e 64 61
72 20 74 75 72 6e 6f 27  20 7d 0d 0a 20 20 20 20
7d 0d 0a 20 20 7d 0d 0a  0d 0a 20 20 72 65 74 75
72 6e 20 28 0d 0a 20 20  20 20 3c 64 69 76 20 63
6c 61 73 73 4e 61 6d 65  3d 22 73 70 61 63 65 2d
79 2d 36 22 3e 0d 0a 20  20 20 20 20 20 3c 64 69
76 20 63 6c 61 73 73 4e  61 6d 65 3d 22 66 6c 65
78 20 66 6c 65 78 2d 63  6f 6c 20 67 61 70 2d 34
20 73 6d 3a 66 6c 65 78  2d 72 6f 77 20 73 6d 3a
69 74 65 6d 73 2d 63 65  6e 74 65 72 20 73 6d 3a
6a 75 73 74 69 66 79 2d  62 65 74 77 65 65 6e 22
3e 0d 0a 20 20 20 20 20  20 20 20 3c 64 69 76 20
63 6c 61 73 73 4e 61 6d  65 3d 22 66 6c 65 78 20
69 74 65 6d 73 2d 63 65  6e 74 65 72 20 67 61 70
2d 33 22 3e 0d 0a 20 20  20 20 20 20 20 20 20 20
3c 42 75 74 74 6f 6e 20  76 61 72 69 61 6e 74 3d
22 67 68 6f 73 74 22 20  73 69 7a 65 3d 22 69 63
6f 6e 22 20 61 73 43 68  69 6c 64 3e 0d 0a 20 20
20 20 20 20 20 20 20 20  20 20 3c 4c 69 6e 6b 20
68 72 65 66 3d 22 2f 64  61 73 68 62 6f 61 72 64
2f 63 6f 6e 73 75 6c 74  61 74 69 6f 6e 73 22 3e
0d 0a 20 20 20 20 20 20  20 20 20 20 20 20 20 20
3c 41 72 72 6f 77 4c 65  66 74 20 63 6c 61 73 73
4e 61 6d 65 3d 22 73 69  7a 65 2d 34 22 20 2f 3e
0d 0a 20 20 20 20 20 20  20 20 20 20 20 20 3c 2f
4c 69 6e 6b 3e 0d 0a 20  20 20 20 20 20 20 20 20
20 3c 2f 42 75 74 74 6f  6e 3e 0d 0a 20 20 20 20
20 20 20 20 20 20 3c 64  69 76 3e 0d 0a 20 20 20
20 20 20 20 20 20 20 20  20 3c 64 69 76 20 63 6c
61 73 73 4e 61 6d 65 3d  22 66 6c 65 78 20 69 74
65 6d 73 2d 63 65 6e 74  65 72 20 67 61 70 2d 32
22 3e 0d 0a 20 20 20 20  20 20 20 20 20 20 20 20
20 20 3c 68 31 20 63 6c  61 73 73 4e 61 6d 65 3d
22 74 65 78 74 2d 32 78  6c 20 66 6f 6e 74 2d 62
6f 6c 64 20 74 65 78 74  2d 66 6f 72 65 67 72 6f
75 6e 64 22 3e 43 6f 6e  73 75 6c 74 61 20 70 6f
72 20 56 6f 7a 3c 2f 68  31 3e 0d 0a 20 20 20 20
20 20 20 20 20 20 20 20  20 20 3c 42 61 64 67 65
20 76 61 72 69 61 6e 74  3d 22 73 65 63 6f 6e 64
61 72 79 22 20 63 6c 61  73 73 4e 61 6d 65 3d 22
67 61 70 2d 31 22 3e 0d  0a 20 20 20 20 20 20 20
20 20 20 20 20 20 20 20  20 3c 4d 69 63 20 63 6c
61 73 73 4e 61 6d 65 3d  22 73 69 7a 65 2d 33 22
20 2f 3e 0d 0a 20 20 20  20 20 20 20 20 20 20 20
20 20 20 20 20 42 65 74  61 20 31 2e 32 0d 0a 20
20 20 20 20 20 20 20 20  20 20 20 20 20 3c 2f 42
61 64 67 65 3e 0d 0a 20  20 20 20 20 20 20 20 20
20 20 20 3c 2f 64 69 76  3e 0d 0a 20 20 20 20 20
20 20 20 20 20 20 20 3c  70 20 63 6c 61 73 73 4e
61 6d 65 3d 22 74 65 78  74 2d 6d 75 74 65 64 2d
66 6f 72 65 67 72 6f 75  6e 64 22 3e 43 6f 6d 70
6c 65 74 65 20 6c 61 20  63 6f 6e 73 75 6c 74 61
20 75 73 61 6e 64 6f 20  65 6c 20 61 73 69 73 74
65 6e 74 65 20 64 65 20  76 6f 7a 20 53 61 6e 61
3c 2f 70 3e 0d 0a 20 20  20 20 20 20 20 20 20 20
3c 2f 64 69 76 3e 0d 0a  20 20 20 20 20 20 20 20
3c 2f 64 69 76 3e 0d 0a  20 20 20 20 20 20 3c 2f
64 69 76 3e 0d 0a 0d 0a  20 20 20 20 20 20 3c 43
61 72 64 3e 0d 0a 20 20  20 20 20 20 20 20 3c 43
61 72 64 48 65 61 64 65  72 3e 0d 0a 20 20 20 20
20 20 20 20 20 20 3c 43  61 72 64 54 69 74 6c 65
20 63 6c 61 73 73 4e 61  6d 65 3d 22 66 6c 65 78
20 69 74 65 6d 73 2d 63  65 6e 74 65 72 20 67 61
70 2d 32 22 3e 0d 0a 20  20 20 20 20 20 20 20 20
20 20 20 3c 4d 69 63 20  63 6c 61 73 73 4e 61 6d
65 3d 22 73 69 7a 65 2d  35 20 74 65 78 74 2d 70
72 69 6d 61 72 79 22 20  2f 3e 0d 0a 20 20 20 20
20 20 20 20 20 20 20 20  4e 75 65 76 61 20 43 6f
6e 73 75 6c 74 61 20 63  6f 6e 20 41 73 69 73 74
65 6e 74 65 20 64 65 20  56 6f 7a 0d 0a 20 20 20
20 20 20 20 20 20 20 3c  2f 43 61 72 64 54 69 74
6c 65 3e 0d 0a 20 20 20  20 20 20 20 20 20 20 3c
43 61 72 64 44 65 73 63  72 69 70 74 69 6f 6e 3e
0d 0a 20 20 20 20 20 20  20 20 20 20 20 20 50 72
65 73 69 6f 6e 65 20 26  6c 64 71 75 6f 3b 49 6e
69 63 69 61 72 20 41 73  69 73 74 65 6e 74 65 26
72 64 71 75 6f 3b 20 79  20 53 61 6e 61 20 6c 65
20 70 72 65 67 75 6e 74  61 72 61 20 74 6f 64 6f
20 70 6f 72 20 76 6f 7a  3a 0d 0a 20 20 20 20 20
20 20 20 20 20 20 20 6e  6f 6d 62 72 65 20 64 65
6c 20 64 75 65 6e 6f 2c  20 6d 61 73 63 6f 74 61
2c 20 79 20 74 6f 64 61  20 6c 61 20 69 6e 66 6f
72 6d 61 63 69 6f 6e 20  63 6c 69 6e 69 63 61 2e
0d 0a 20 20 20 20 20 20  20 20 20 20 20 20 4c 61
20 49 41 20 73 65 70 61  72 61 20 79 20 65 6e 72
69 71 75 65 63 65 20 6d  6f 74 69 76 6f 2c 20 64
69 61 67 6e 6f 73 74 69  63 6f 20 79 20 74 72 61
74 61 6d 69 65 6e 74 6f  20 61 75 74 6f 6d 61 74
69 63 61 6d 65 6e 74 65  2e 0d 0a 20 20 20 20 20
20 20 20 20 20 3c 2f 43  61 72 64 44 65 73 63 72
69 70 74 69 6f 6e 3e 0d  0a 20 20 20 20 20 20 20
20 3c 2f 43 61 72 64 48  65 61 64 65 72 3e 0d 0a
20 20 20 20 20 20 20 20  3c 43 61 72 64 43 6f 6e
74 65 6e 74 3e 0d 0a 20  20 20 20 20 20 20 20 20
20 3c 43 6f 6e 73 75 6c  74 61 46 6f 72 6d 56 6f
7a 0d 0a 20 20 20 20 20  20 20 20 20 20 20 20 64
75 65 6e 6f 73 3d 7b 64  75 65 6e 6f 73 7d 0d 0a
20 20 20 20 20 20 20 20  20 20 20 20 6d 61 73 63
6f 74 61 73 3d 7b 6d 61  73 63 6f 74 61 73 7d 0d
0a 20 20 20 20 20 20 20  20 20 20 20 20 75 73 75
61 72 69 6f 73 3d 7b 75  73 75 61 72 69 6f 73 7d
0d 0a 20 20 20 20 20 20  20 20 20 20 20 20 63 75
72 72 65 6e 74 55 73 65  72 49 64 3d 7b 75 73 65
72 3f 2e 69 64 7d 0d 0a  20 20 20 20 20 20 20 20
20 20 20 20 6c 6f 61 64  69 6e 67 3d 7b 73 61 76
69 6e 67 7d 0d 0a 20 20  20 20 20 20 20 20 20 20
20 20 6f 6e 53 75 62 6d  69 74 3d 7b 68 61 6e 64
6c 65 53 75 62 6d 69 74  7d 0d 0a 20 20 20 20 20
20 20 20 20 20 20 20 6f  6e 43 61 6e 63 65 6c 3d
7b 28 29 20 3d 3e 20 77  69 6e 64 6f 77 2e 68 69
73 74 6f 72 79 2e 62 61  63 6b 28 29 7d 0d 0a 20
20 20 20 20 20 20 20 20  20 20 20 6f 6e 43 72 65
61 74 65 54 75 72 6e 6f  3d 7b 68 61 6e 64 6c 65
43 72 65 61 74 65 54 75  72 6e 6f 7d 0d 0a 20 20
20 20 20 20 20 20 20 20  2f 3e 0d 0a 20 20 20 20
20 20 20 20 3c 2f 43 61  72 64 43 6f 6e 74 65 6e
74 3e 0d 0a 20 20 20 20  20 20 3c 2f 43 61 72 64
3e 0d 0a 20 20 20 20 3c  2f 64 69 76 3e 0d 0a 20
20 29 0d 0a 7d 0d 0a
